100075 001
100080 002
100098 003
103041 004
104022 005
105019 006
105053 007
106020 008
106025 009
108041 010
108073 011
109034 012
112082 013
113009 014
113016 015
113044 016
117054 017
118020 018
118035 019
12003 020
12074 021
122048 022
124084 023
126039 024
130034 025
134008 026
134052 027
135037 028
135069 029
138032 030
138078 031
140055 032
140075 033
144067 034
145014 035
145053 036
147021 037
147062 038
15004 039
15088 040
151087 041
153077 042
153093 043
155060 044
156079 045
157036 046
159029 047
159045 048
159091 049
16052 050
161062 051
163014 052
163062 053
164074 054
166081 055
169012 056
170054 057
172032 058
173036 059
176019 060
176035 061
176039 062
178054 063
181018 064
181079 065
181091 066
183055 067
183087 068
187003 069
187029 070
187039 071
187071 072
187083 073
188005 074
188063 075
188091 076
189003 077
189011 078
196015 079
198004 080
198023 081
198054 082
20008 083
202012 084
207056 085
209070 086
2092 087
216041 088
216053 089
216066 090
22013 091
22090 092
22093 093
225017 094
227040 095
227046 096
23025 097
23080 098
23084 099
231015 100
232038 101
236017 102
238011 103
239007 104
239096 105
24004 106
24063 107
242078 108
245051 109
246016 110
246053 111
247085 112
249061 113
249087 114
25098 115
253036 116
254033 117
254054 118
260081 119
26031 120
268002 121
27059 122
271008 123
271031 124
274007 125
277095 126
28075 127
28096 128
285036 129
286092 130
292066 131
293029 132
299091 133
301007 134
302003 135
309004 136
310007 137
311068 138
311081 139
314016 140
317080 141
323016 142
326038 143
33066 144
35008 145
35010 146
35058 147
35070 148
35091 149
353013 150
361084 151
365025 152
365073 153
368016 154
368078 155
370036 156
372047 157
374020 158
374067 159
376001 160
376020 161
385028 162
388016 163
41004 164
41025 165
42044 166
42078 167
43070 168
43083 169
45077 170
46076 171
48055 172
54005 173
55067 174
55075 175
56028 176
59078 177
60079 178
61060 179
61086 180
65010 181
65019 182
65074 183
65132 184
66039 185
66075 186
67079 187
68077 188
71046 189
76002 190
78019 191
80099 192
8049 193
8143 194
87065 195
90076 196
92059 197
94079 198
95006 199
97017 200